!Name x(m) y(m) z(m) dx/dt(m/yr) dy/dt(m/yr) dz/dt(m/yr) pos_epoch axis_type offset(m)
PKS -4554231.923 2816758.910 -3454035.783 -0.03302 -0.00430 0.04695 1997.0 3 -0.0383
HOB -3950236.733 2522347.553 -4311562.537 -0.03861 0.00778 0.03842 1997.0 4 8.1913
DSS43 -4460894.689 2682361.548 -3674748.354 -0.03595 -0.00007 0.04289 1997.0 3 0.0
DSS45 -4460935.399 2682765.706 -3674381.194 -0.03595 -0.00007 0.04289 1997.0 3 0.0
DSS34 -4461146.905 2682439.289 -3674393.334 -0.03595 -0.00007 0.04289 1997.0 3 0.0
MOPRA -4682769.079 2802618.976 -3291759.360 -0.03447 -0.00361 0.04597 1997.0 3 0.0
CED -3753442.745 3912709.753 -3348067.609 -0.04173 0.00267 0.0499 1997.0 3 0.0024
HART 5085442.784 2668263.482 -2768697.012 -0.00084 0.01872 0.01423 1997.0 1 6.692
CATW0 -4752447.75 2790328.781 -3200491.171 -0.03394 0.0047 0.04623 1997.0 3 0.0
CATW2 -4752432.213 2790355.157 -3200491.171 -0.03394 0.0047 0.04623 1997.0 3 0.0
CATW4 -4752416.676 2790381.534 -3200491.171 -0.03394 0.0047 0.04623 1997.0 3 0.0
CATW6 -4752401.139 2790407.91 -3200491.171 -0.03394 0.0047 0.04623 1997.0 3 0.0
CATW8 -4752385.602 2790434.286 -3200491.171 -0.03394 0.0047 0.04623 1997.0 3 0.0
CATW10 -4752370.065 2790460.663 -3200491.171 -0.03394 0.0047 0.04623 1997.0 3 0.0
CATW12 -4752354.528 2790487.039 -3200491.171 -0.03394 0.0047 0.04623 1997.0 3 0.0
CATW14 -4752338.991 2790513.416 -3200491.171 -0.03394 0.0047 0.04623 1997.0 3 0.0
CATW16 -4752323.454 2790539.792 -3200491.171 -0.03394 0.0047 0.04623 1997.0 3 0.0
CATW32 -4752199.159 2790750.803 -3200491.171 -0.03394 0.0047 0.04623 1997.0 3 0.0
CATW45 -4752098.168 2790922.249 -3200491.171 -0.03394 0.0047 0.04623 1997.0 3 0.0
CATW64 -4751950.567 2791172.824 -3200491.171 -0.03394 0.0047 0.04623 1997.0 3 0.0
CATW84 -4751795.198 2791436.588 -3200491.171 -0.03394 0.0047 0.04623 1997.0 3 0.0
CATW98 -4751686.439 2791621.223 -3200491.171 -0.03394 0.0047 0.04623 1997.0 3 0.0
CATW100 -4751670.902 2791647.599 -3200491.171 -0.03394 0.0047 0.04623 1997.0 3 0.0
CATW102 -4751655.365 2791673.975 -3200491.171 -0.03394 0.0047 0.04623 1997.0 3 0.0
CATW104 -4751639.828 2791700.352 -3200491.171 -0.03394 0.0047 0.04623 1997.0 3 0.0
CATW106 -4751624.291 2791726.728 -3200491.171 -0.03394 0.0047 0.04623 1997.0 3 0.0
CATW109 -4751600.986 2791766.292 -3200491.171 -0.03394 0.0047 0.04623 1997.0 3 0.0
CATW110 -4751593.217 2791779.481 -3200491.171 -0.03394 0.0047 0.04623 1997.0 3 0.0
CATW111 -4751585.449 2791792.669 -3200491.171 -0.03394 0.0047 0.04623 1997.0 3 0.0
CATW112 -4751577.68 2791805.857 -3200491.171 -0.03394 0.0047 0.04623 1997.0 3 0.0
CATW113 -4751569.912 2791819.045 -3200491.171 -0.03394 0.0047 0.04623 1997.0 3 0.0
CATW124 -4751484.459 2791964.115 -3200491.171 -0.03394 0.0047 0.04623 1997.0 3 0.0
CATW125 -4751476.69 2791977.303 -3200491.171 -0.03394 0.0047 0.04623 1997.0 3 0.0
CATW128 -4751453.385 2792016.868 -3200491.171 -0.03394 0.0047 0.04623 1997.0 3 0.0
CATW129 -4751445.616 2792030.056 -3200491.171 -0.03394 0.0047 0.04623 1997.0 3 0.0
CATW140 -4751360.163 2792175.126 -3200491.171 -0.03394 0.0047 0.04623 1997.0 3 0.0
CATW147 -4751305.783 2792267.443 -3200491.171 -0.03394 0.0047 0.04623 1997.0 3 0.0
CATW148 -4751298.015 2792280.631 -3200491.171 -0.03394 0.0047 0.04623 1997.0 3 0.0
CATW163 -4751181.488 2792478.454 -3200491.171 -0.03394 0.0047 0.04623 1997.0 3 0.0
CATW168 -4751142.645 2792544.395 -3200491.171 -0.03394 0.0047 0.04623 1997.0 3 0.0
CATW172 -4751111.572 2792597.148 -3200491.171 -0.03394 0.0047 0.04623 1997.0 3 0.0
CATW173 -4751103.803 2792610.336 -3200491.171 -0.03394 0.0047 0.04623 1997.0 3 0.0
CATW182 -4751033.887 2792729.029 -3200491.171 -0.03394 0.0047 0.04623 1997.0 3 0.0
CATW189 -4750979.507 2792821.347 -3200491.171 -0.03394 0.0047 0.04623 1997.0 3 0.0
CATW190 -4750971.739 2792834.535 -3200491.171 -0.03394 0.0047 0.04623 1997.0 3 0.0
CATW195 -4750932.896 2792900.476 -3200491.171 -0.03394 0.0047 0.04623 1997.0 3 0.0
CATW196 -4750925.128 2792913.664 -3200491.171 -0.03394 0.0047 0.04623 1997.0 3 0.0
CATW392 -4749402.489 2795498.532 -3200491.118 -0.03394 0.0047 0.04623 1997.0 3 0.0
CATN2 -4751637.582 2791734.557 -3200464.729 -0.03394 0.0047 0.04623 1997.0 3 0.0
CATN5 -4751657.517 2791746.3 -3200425.066 -0.03394 0.0047 0.04623 1997.0 3 0.0
CATN7 -4751670.808 2791754.129 -3200398.624 -0.03394 0.0047 0.04623 1997.0 3 0.0
CATN11 -4751697.389 2791769.786 -3200345.74 -0.03394 0.0047 0.04623 1997.0 3 0.0
CATN14 -4751717.325 2791781.529 -3200306.077 -0.03394 0.0047 0.04623 1997.0 3 0.0
